1.276667
2.064762
0.09047619
0.6495238
1.582857
0.797619
2.800952
5.314286
15.01857
8.584762
7.799524
15.36333
29.6519
6.646191
7.898572
6.21619
10.40762
3.004286
1.460952
21.89429
2.415238
0.08380952
0.003809524
5.464762
5.661429
1.398095
7.755714
4.858095
5.21619
0.2752381
0.09333333
0
0
0
0
0
0
5.520953
9.583334
3.939048
0.04047619
13.43095
0.5942857
0
0.006190476
0.03380952
0.008095238
0.2061905
2.18
0.6385714
0.002857143
0.6295238
2.255714
15.45619
1.612381
0
1.868571
1.311905
0.1395238
0.7314286
0.8085714
1.169524
0.2328571
0.002857143
0.4252381
6.837619
0.9947619
4.395714
0.7971429
1.986667
4.647619
0.002857143
0.4352381
1.336667
0
0
0
0
0.07952381
2.370476
5.176667
3.174762
11.19476
20.46191
5.91381
1.287619
0.008095238
0
0
0
0
0
0
2.142381
2.077143
8.10381
12.09524
7.659524
2.171905
1.20381
10.38476
4.351905
0.1709524
0.7442857
0.01619048
0.8566667
0
0.6395238
7.088572
7.109048
0.004761905
0
0
12.28095
1.264762
0.4319048
0
0.09714285
0.02095238
0.01428571
0.9757143
5.394762
3.361429
0.2452381
5.252857
20.10286
17.33524
2.933333
4.961429
12.84429
0.2204762
0.7547619
7.384762
4.796667
0.2842857
0.009523809
1.452857
0
0
0.06142857
0.1942857
21.42762
7.707619
0.9019048
0
0
0.5490476
13.75476
3.652857
0
0.04761905
12.91429
14.40667
11.33429
32.67476
6.172381
13.28429
0.3457143
0.005714286
0.02857143
0.52
0.3680952
8.180952
15.09048
9.5
0.1680952
0.2233333
9.167143
0.04047619
7.012857
6.156667
5.505714
0.6361905
2.904286
4.147619
0.9485714
2.742381
0
11.3981
9.688095
0.4304762
0.002857143
2.554286
9.187619
0.7571428
0.01142857
10.82381
7.872381
2.187143
35.46714
9.552381
7.476667
6.086667
7.028095
8.356667
0.6852381
0.15
0.6119048
4.068571
4.106667
3.610952
3.81
1.74381
2.155714
4.462857
24.22905
2.056667
4.721905
2.299524
0.005714286
0
0.008571428
0.05571429
0.37
0.06857143
0.4852381
1.438095
3.281429
5.844286
4.764286
0.01952381
0.002857143
1.847619
6.578572
23.79857
5.553333
8.516667
2.421905
0.05714286
1.337619
0.2285714
8.125714
11.05619
5.239048
0.4233333
0.5914286
7.361429
5.629048
19.08333
0.4138095
1.334286
4.748095
6.780952
0.6380952
0
0
0.04095238
0.3104762
0
0
0.02904762
0.001904762
0
0.1771429
0.9433333
15.70048
0.05285714
9.534286
4.665238
1.398095
0
0
1.327143
0.237619
1.039048
0.7261905
23.34857
17.2581
15.90429
4.634762
0.5714286
0.5957143
3.662381
2.618095
1.362857
0.7285714
0.1466667
0
0
4.29381
0.8661905
0.4971429
4.941429
6.85
0.09190476
0.3871429
0.008571428
1.282857
9.937143
4.19
4.676191
1.230952
4.534286
0.1809524
2.740952
0.4004762
0
0
2.028571
18.64571
3.440476
1.798095
0.362381
1.354286
1.221905
0.4519048
0.247619
0
0.04333333
4.022857
0.8666667
11.25524
2.276667
0.7161905
1.119048
0.127619
0
6.589048
1.780952
0.01857143
0
0.04047619
0.1261905
10.94619
6.079524
1.331429
1.025238
5.317619
0.8033333
0
0.04095238
0.5661905
0.2452381
0.4761905
1.105714
0.09714286
0.4290476
0.5219048
0.01
0.2804762
0.008095238
0
0
0.006190476
0
0
0
0
0
0
0.07238095
7.918095
5.612381
28.30286
0.07190476
0.122381
0.1919048
1.214286
0.08857143
5.080476
9.643333
5.380476
7.623809
3.412381
0.01523809
0.5257143
2.23381
9.594286
1.279048
0
0.2976191
6.185714
0.0009523809
0.01142857
0.3633333
0
0
4.490952
3.691429
0.03761905
0
0
0
9.096667
3.58
11.28238
19.85
4.527619
1.141905
11.28286
4.92
2.764762
0.4852381
1.288571
0.06333333
0.007142857
4.714286
12.19905
7.28381
3.10619
0.1233333
0
0
0
0
0
0.7704762
7.5
17.11
12.52238
9.594286
9.404286
7.656191
0.6252381
0.2009524
3.826667
5.121429
5.659047
1.776667
0.7895238
0.05238095
0.4595238
0.3428571
4.525714
0.1247619
0
0
0.01714286
0.5995238
3.7
4.742381
1.335714
4.310476
4.997143
1.802857
0
6.214762
0.2752381
0.8695238
0.287619
0
0
0
0.5480952
0.112381
0.01142857
2.397619
0.8171429
7.147619
5.74
1.059524
5.377143
1.352857
1.723333
12.17667
5.710476
0.003809524
0
0.004761905
0
0.7457143
0.007619047
5.284762
12.34571
16.52762
0.6409524
0.01714286
0.342381
0.4819048
0.1961905
0.9938095
11.2019
7.121905
6.235714
11.1981
17.33714
2.881429
0
2.564286
3.374286
7.013333
1.090476
9.276191
0.1785714
0.1395238
0.02
0.06666667
0.01142857
11.43667
5.934762
14.2
10.70905
14.17571
4.165714
4.027143
3.484762
0.2219048
0.04571428
0.5404762
6.694762
2.349524
17.14667
0.7161905
6.242857
0.1704762
0.005714286
11.15667
18.35286
20.75286
0.2647619
0
0
0.09714286
0.03142857
0.07142857
10.44143
0.297619
0.04571428
0.02285714
1.361429
8.58381
1.836667
12.12048
6.921905
0.06857143
0.6238095
0.02857143
0.06571428
2.194286
4.379048
15.67048
5.943333
0.4047619
0.2990476
0.3104762
0.002857143
0
0.01809524
0.3452381
0.01428571
3.627143
4.592381
0.5314286
2.932381
0.4633333
5.904762
6.044762
14.70857
1.81619
0.005714286
20.7919
11.75762
9.374286
8.512381
6.326191
0.2514286
11.74286
12.61619
1.4
0.02285714
0
0.2628571
5.494762
0.8580952
11.65619
4.081905
4.054762
12.77381
5.231905
0.7519048
2.110476
9.854286
7.702857
0.3957143
0.02
9.501429
6.308095
0.6252381
4.092857
31.01762
11.79714
5.777619
1.591905
10.50048
16.89143
4.174762
0
1.010476
0.04190476
0.1128571
2.385238
19.61
8.678572
2.183333
0
1.137619
10.49714
16.89095
26.24286
48.24952
11.81905
0.7547619
5.598571
0.98
3.733809
1.259524
0.01142857
0.005714286
0.1961905
0.6090476
3.883333
0.07523809
0.05761905
0.09809524
0.005714286
0.1185714
0.07380952
9.778571
4.899048
8.11619
2.680476
0.4761905
1.846667
0.1261905
15.39524
11.94476
1.165714
0.3180952
0.2519048
0
0
0.007142857
0.02857143
0.6385715
0.2466667
1.234286
4.149048
9.538096
1.327619
18.51143
25.58
14.1319
4.600953
1.108571
0.2990476
0.7580953
0.06333333
0
0.06761905
0.08190476
0.02095238
0.01190476
0.02571429
0.02714286
0.01904762
0.007142857
0.009523809
0.1228571
0.0147619
0.03857143
0.006666667
3.609524
0.006190476
0
0
0
0.01857143
0.05523809
0.03333333
0.07285714
6.280476
0
0.1380952
4.018571
10.67429
0.04428571
0.004761905
0.006190476
0.02047619
0.03428571
0
0.01857143
0.01238095
0.02571429
0
7.609524
1.404762
4.831429
0.5571429
0.1742857
6.07381
0.4133333
0.5076191
0.2533333
8.370476
0.07714286
0.3042857
3.252857
1.155238
0.4280952
0.007142857
0.5023809
4.28619
4.003333
2.96
2.780952
2.946667
3.122381
1.14
0.05095238
0
0.01571429
0.3414286
0.3433333
0.4604762
20.39333
13.48762
3.090952
3.142857
0.4047619
0.02619048
1.677143
2.257619
0.008095238
0.3404762
2.48381
1.250476
3.024762
1.421429
5.500952
11.89857
3.275238
2.020476
0.8719048
0.2080952
0.007142857
0
0
0
0
0
0
0
0
0
0
0.3161905
9.772857
17.56429
1.345238
0.7566667
6.628095
2.941428
0.06857143
0
1.034762
0.9138095
0.3142857
0.005714286
0
0
0
0
0
0
0.03761905
0.2171429
0.5176191
1.689524
6.269048
6.973809
5.74
1.001905
0.005714286
0.03952381
0.06285714
7.524762
16.69762
5.525714
2.480476
1.314286
3.4
0.282381
0.6409524
0.4214286
0.5085714
1.752857
4.862381
0.267619
1.850952
5.086667
2.295714
10.00524
33.40619
10.42048
4.647143
3.701905
16.09524
13.40429
7.207143
9.570476
4.620476
0.07047619
0
0
0.02428571
0
0
0
0.0647619
1.299524
1.750476
2.696667
1.00619
6.613333
4.300952
2.870476
17.0419
3.162381
9.141429
4.864286
2.194762
2.872857
9.387619
0.3928571
17.68762
0.6309524
0
0.1414286
15.59476
24.03048
8.806667
3.708571
5.467619
0.3290476
3.213333
9.794762
2.557143
1.87619
0.5147619
0.1880952
0.1995238
0.8609524
1.97619
0.2790476
4.553333
9.657143
11.01762
19.88619
8.210476
0.002857143
0.02857143
0.15
0
0.02476191
10.43571
1.42381
0.3871429
8.163333
14.6519
0.9690476
0.03428571
1.010952
14.47714
6.219524
0.1652381
16.67429
10.74381
19.60857
2.115238
2.406667
2.131905
13.58476
5.657143
1.151429
2.136191
2.92381
6.227619
16.37524
20.59048
19.79429
8.803809
12.99095
4.662857
1.952857
9.991429
2.46619
4.742857
0.01714286
0
0
0
0
0.002857143
0.02857143
0.07
0.3771429
1.202381
3.548095
2.251429
2.899524
1.085714
12.30952
3.393333
0.5419048
2.435238
9.564285
7.548095
4.238572
8.046667
5.239524
0.3652381
0
0.002857143
0.3942857
0.4947619
12.81381
13.10476
8.878095
2.954286
0.09904762
0.2090476
0.3928571
2.444762
2.273333
2.885714
0.0452381
0.002857143
0.005714286
0
0
0.2290476
1.501429
0.9195238
4.968571
0.02285714
0.01428571
0.83
0.1704762
6.301905
11.94952
0.1471429
12.41524
16.14524
4.259524
32.48048
7.71
11.95809
15.95905
4.455238
6.785238
6.565714
10.99
16.69333
9.653333
12.48095
5.100952
0.1561905
8.593333
0.3909524
10.9581
5.209048
6.315714
3.031905
8.309524
0.1766667
6.631905
0.1142857
6.93381
15.79857
17.65333
15.34381
9.918571
0.4928571
0
0.1033333
0.01571429
0.1471429
0.09857143
0.09428571
12.62429
6.188095
0
0
0.4676191
0.5352381
0.0009523809
0.02571429
2.003333
12.07286
42.5581
11.1781
3.356667
0
0.02095238
0.007142857
0.01333333
0.3371429
19.60095
8.732857
1.065714
0.03380952
0.7366667
1.485714
13.41476
2.226667
18.41952
2.822381
1.138095
0.008095238
6.310952
0.0009523809
0.007142857
0
0.02714286
0.05
0.02809524
1.099048
0.07
0
0.0009523809
0.04571428
0.07095238
0.007142857
1.49619
0.009523809
0.5509524
2.989524
0
0.01238095
0.7642857
0.2961905
9.589524
0.5219048
0.5390476
11.13762
1.735238
2.76619
0.06238095
0.006190476
0
0
0.004285714
9.042381
0.2033333
5.947619
11.6681
1.414286
6.145714
0.0009523809
0
0.04571428
2.450476
4.161905
0.6952381
21.0119
2.702381
0.03904762
0.1433333
0.002857143
0
0.01238095
0.0147619
4.250476
0.03333333
0.02190476
0.04857143
0.4561905
13.88429
0.3428571
10.80095
0.5604762
10.48286
19.65333
2.059524
0.03428571
0.5176191
0
0
0
1.873333
5.031428
0.9376191
0.202381
0
0
0
0.002380952
0.006190476
0.01238095
0.02190476
0
0
0
0.4052381
2.590952
12.3519
15.43571
4.771905
6.338571
2.179524
0.8004762
3.339048
2.004762
4.839048
0.1133333
4.925714
6.522381
0.01619048
0.5204762
0.01952381
0
0.0247619
3.930952
6.494286
0.07380952
2.919048
4.059048
3.334762
9.632857
0.7419048
0.8157143
3.412857
0.2066667
0.2161905
0.006190476
0.0009523809
0.3528571
0
0.6971428
0
1.803333
11.05714
1.075238
6.479048
0.4657143
2.919524
7.267619
8.464286
5.92
3.304762
5.35619
0
0
0.2861905
0.54
0
0
0.04285714
0.2314286
3.739048
5.26
13.06571
9.09381
3.593333
12.42333
13.07857
11.32667
0.3033333
1.597143
0.01238095
5.894762
2.388571
1.803809
8.390952
0
0
0
0
0
0.01285714
0.1938095
7.546667
10.80619
11.89619
5.027619
5.936667
12.2781
2.362857
0.02142857
0.03047619
0.9504762
0.3347619
0.2414286
1.435714
2.180952
0.08238095
0.1090476
7.464286
8.330952
0.002857143
0
0.4052381
0.1204762
0
0
0
0.004285714
0
0
0
0.008571428
0
2.121905
0.005714286
0
0
0
0.0009523809
0
0.02285714
0.06428571
2.941905
1.34381
1.290476
1.085238
0.7561905
5.068095
2.450952
11.28
29.00619
7.87619
1.341429
11.03381
5.814762
0
3.384762
2.088095
0.006190476
7.952381
9.660476
7.467619
29.72905
0.2828571
0
0.5228571
0.33
3.298095
1.498571
0.4633333
0.4714286
1.864286
15.75571
25.3719
27.92095
0.1028571
2.153333
20.33524
2.345238
0.2790476
2.990952
0.7061905
0.8166667
2.879524
3.89619
2.498571
1.801429
9.073809
6.064286
4.494286
1.354762
26.30667
1.031905
1.841429
9.061905
0.01571429
8.865714
23.10333
17.24429
0.78
1.058095
19.69048
5.21381
6.371905
0.4085714
0.5485714
0.3071429
10.78238
22.35095
15.29524
14.4481
8.637619
2.180476
0.7519048
5.196667
32.48714
8.926667
6.915714
1.225238
0
0.06095238
0
0
0.1647619
1.111905
1.251905
19.18952
22.67429
5.72381
18.62619
13.68381
0.2442857
0.008571428
0.5723809
1.770952
22.00762
11.49143
0.1504762
0
6.283809
9.569524
0.01857143
0
1.099524
42.59476
54.57619
14.94619
2.078571
4.43381
0.47
2.030476
1.705714
0.03095238
8.743809
2.819048
0.2
3.732381
9.264762
6.839524
1.817619
3.118095
0.2
0.1166667
0.009047619
0.8780952
12.02571
28.02381
11.48143
0.9052381
3.682857
0.2557143
22.32
13.35905
5.64
2.830476
1.401905
0.4047619
1.531429
2.635238
4.747619
0
0
1.603333
1.126667
0.01428571
1.890476
30.60952
0.6628571
0
0
0.01428571
0.03238095
0.4966667
9.153333
11.97905
6.423333
4.03619
0.6009524
0.01333333
0
0.005714286
2.870952
5.167143
0.3766667
1.257143
0.03809524
0.02333333
0.1071429
0.03714286
0.01238095
0.01904762
0.1128571
0
0.008095238
0
3.263333
8.951429
3.609048
1.81619
2.770476
0.3923809
0.1004762
0.1066667
0.02380952
0.04571429
0.004761905
0.01333333
0.03809524
7.793333
0.3580952
0
0
0.03428571
1.071429
0.009047619
8.653333
4.351429
2.464762
12.97429
21.34143
21.58571
5.489524
3.881905
18.39714
4.730952
0.06904762
0
0
0.02714286
0
0.8885714
0.24
5.029048
5.516667
3.236667
3.652381
0.2514286
0
0.002857143
2.839048
1.461905
3.937143
11.16667
11.3981
1.072857
7.389524
13.56667
8.180476
6.546667
13.54429
16.89048
5.318571
0.3195238
0.06619048
0.03666667
0
0.0009523809
0.006190476
0.006190476
0
0
0
0
0
0
1.057619
0.007142857
0.006190476
0.4409524
7.672857
1.766667
0.4542857
0.07095238
0.008571428
0.008571428
6.301905
14.98905
10.73238
0
0.6338095
0.0009523809
0.06
10.6481
0.302381
0.1180952
0.05190476
3.092857
0.5904762
8.917143
0.04571428
0.0009523809
0.5504762
15.19143
0.03809524
0.01666667
2.12381
0
0
0
0
3.697143
0.3228572
1.991429
10.96333
0.002857143
4.454286
0.2642857
12.87619
2.255714
0
0
0
0
0
0
0
0.02190476
0.002857143
0
0
0
1.654286
2.185714
0.02238095
0.0147619
0
0
2.242381
5.22
0.05619048
6.123333
11.7619
1.279524
9.214286
11.85714
5.129524
0.002857143
0.009523809
0.5142857
0.2147619
2.053333
3.60381
13.84238
1.887143
4.220952
0.004761905
6.032857
14.18857
1.569524
1.440952
2.25381
22.30524
1.474286
4.47619
4.321905
8.618095
4.654286
2.80619
0.4433333
1.473809
0.0009523809
2.341905
1.321905
13.91952
15.67429
1.224762
2.281905
10.75476
3.963333
0.1204762
3.049048
4.076667
13.24238
1.274762
0.04333333
5.488571
12.94762
3.238095
0.1580952
0.252381
0.7638095
0.02
18.27429
41.01381
8.488571
5.261905
5.316667
0.01809524
0
7.134286
8.907619
3.75
1.115238
0.3890476
0.009047619
0.08904762
0.008571428
0
0
0
0.01095238
0.1157143
1.845238
0.8604762
0.587619
0.4795238
4.631905
2.19
18.1719
10.0019
1.54381
2.527143
0.8095238
1.097619
0.6680952
1.476667
0.3671429
0.3604762
0
2.131905
0.2809524
13.34905
3.593809
0.005714286
9.022381
3.638571
16.97667
4.377619
16.52714
4.456191
3.194286
4.42
4.482857
25.63952
14.12429
5.018095
1.594762
3.630952
6.539048
8.692381
2.386667
0.09761905
0.1114286
0.07333333
0.05761905
0.4028571
3.790476
7.011428
2.695714
0.9995238
0
3.213809
5.77381
0.732381
0.4361905
21.65952
0.8861905
0.002857143
17.97857
6.977619
2.020952
0.3985714
0.03428571
7.259048
18.03238
40.07857
26.9881
0.03238095
0.1119048
16.89143
2.495714
6.52381
26.80286
3.497143
6.130476
0.7128571
0
0.02190476
1.304762
5.68619
3.474762
3.247619
1.197143
0.107619
12.65762
1.071429
0.2119048
4.45619
5.065714
0.1685714
2.916667
12.41714
3.434286
0
8.410476
22.22429
3.271429
9.593333
43.60524
0.8638095
0.7528571
0
13.1919
1.492857
0.07714286
9.80381
9.154286
0.04714286
2.694286
0.03952381
0.08714286
0.3938095
0.09095238
0
1.933809
6.621429
0.2280952
14.07524
15.47571
1.05
24.30524
15.62524
0.1042857
0.03333333
0.3823809
1.099048
8.550476
24.81333
9.08619
4.650952
0.8842857
0
1.99
1.172857
0.02857143
0.02190476
0.9171428
0.3209524
0.1119048
1.034286
0.2342857
0
0
0.5242857
4.489048
0.9819048
3.074286
11.59286
9.47619
0.004761905
2.734762
1.992381
3.71381
0.8552381
0.007142857
0.02809524
0
0.002857143
0.3261905
1.363333
30.95
2.176667
0.002857143
0.002857143
0
0.1761905
9.073333
0.1409524
0.002857143
0.007142857
0.0147619
6.662381
20.9819
22.73762
9.074286
0.06666667
0.01619048
0
0.6590476
1.650476
0.04666667
0.1761905
0.3438095
0.4176191
0
0
4.242381
9.920476
2.200476
0.2728571
0
2.101429
6.096191
0.2261905
0.1947619
0.5009524
23.94333
15.49905
7.289048
5.83
1.383333
0.1647619
0
0.8495238
0.4409524
0.3009524
6.599048
1.24
0.2185714
2.438571
8.889047
9.072381
5.002381
0.009523809
0.4728571
9.409524
7.109524
3.636667
0.17
0.02
0.002857143
0.432381
6.440476
2.668095
7.197619
12.52619
11.77381
0.3914286
0.04333333
0.01619048
1.48
0.07047619
0
0
0
0
4.41381
1.329048
0.5542857
0.01285714
0.002857143
0.7
0.6142857
0.01571429
0.01
0
0
0
0
0
1.39619
0.1228571
0.007142857
0
7.889524
3.950952
10.84762
5.661429
0.04380952
9.697143
0.44
0.1704762
0.01333333
0.4785714
0.1495238
0.02761905
0.01
0.02904762
0.06952381
0.1119048
0
0
0.4314286
2.057143
6.664762
10.05333
2.718095
6.250476
7.983334
8.236667
3.305238
4.93
0.5371429
2.454762
21.76191
0.02142857
0
2.549524
3.952381
11.97476
10.14714
5.423333
0.009047619
2.347143
2.74
0
0.2838095
4.914286
1.28381
0.01714286
18.58905
18.42857
5.148095
3.797619
11.04381
10.69524
10.28714
2.97619
1.975238
0.5395238
6.742857
0.002857143
0
0.01380952
0.5495238
0.9142857
0.0147619
0
2.418571
22.1481
11.61714
8.487619
3.654286
6.352381
5.752857
0.9614286
0
0
0.757619
0.4619048
3.243333
4.569524
0.2647619
0.2176191
0.487619
0.02190476
0
0.06761905
0
0.1052381
0.1609524
0.05380952
1.890476
1.280952
1.497619
0.6314286
1.551905
1.852857
2.391429
2.539524
0.3719048
0
0.005714286
8.239524
11.4681
4.959048
1.132381
2.59381
10.8819
8.181428
13.57571
1.039524
1.038095
0
4.290952
1.552381
1.659524
1.345238
6.895714
6.986667
9.935238
14.31286
1.377143
2.541905
5.784762
0.1057143
0.005714286
6.169048
8.230952
0.3871429
0.2338095
0.1657143
31.63952
10.57952
1.46619
0.9309524
0.01142857
0.2947619
0.487619
0.4552381
1.244286
0.4795238
1.965714
19.0219
4.563333
4.021905
6.913809
0.4671428
3.927619
0.4495238
0.02428571
0.3366667
24.41571
3.621429
0.01142857
1.180476
29.83143
6.297143
12.36571
20.12571
17.42143
0.1404762
0.7995238
6.285238
18.01429
1.142381
3.321429
1.207143
1.445714
2.158095
8.739524
9.784286
11.64381
12.44619
8.742381
4.04381
4.864286
1.677143
1.196667
0.7
0.2228571
3.190476
11.16429
2.098571
61.18905
14.10857
0.7466667
0.422381
0.8371429
0.27
12.21
5.549524
4.569048
0
4.583333
6.291905
0.1085714
0.517619
0.6585714
0.2380952
13.34619
21.08429
1.154286
0
0.08285714
0.5980952
7.770952
2.332857
10.93952
1.270952
1.136667
10.10667
4.059048
0.04571429
0.04190476
4.654762
1.932381
0.009047619
0.2
6.107143
7.505714
0
0.2857143
5.242381
1.75619
0.617619
3.187143
1.038571
0
0
4.770952
2.795238
7.40381
15.2981
0.262381
0.006190476
0
0
0
0.2276191
1.584762
0.6685714
2.978572
8.28
0.01095238
4.161429
6.190952
0.24
4.699524
5.690476
0.7342857
0.08857143
0.3014286
0.5738095
0.9547619
0.6080952
0.5342857
0.1219048
0.008571428
0
1.46381
1.381429
0.002857143
0.002857143
1.52619
0.2480952
0
12.91
3.937619
12.58857
4.466191
24.13333
7.728571
3.89
0.8466667
5.170476
15.93095
3.745238
0.009047619
0
0.4385714
1.221905
7.639524
0.09809524
0.7752381
1.495238
0.01190476
0.008571428
0
0.02809524
0.007142857
0.07904762
24.03143
5.708571
9.722857
0.6133333
0.5590476
1.251429
5.400476
10.06048
1.467143
0.8938095
1.419048
0.1685714
2.130952
0.8195238
5.66
6.020476
5.301905
0
0.006190476
0
0.7042857
1.198571
8.246667
0
2.372381
2.121905
0.05857143
0.1980952
38.63048
12.08714
0.0452381
2.23
6.832857
0.002857143
1.62381
9.337143
10.76048
1.742857
8.610476
14.70429
3.430952
0.4542857
0.02809524
0.3733333
0.4495238
0.3952381
0.4119048
6.233333
3.582857
4.409048
2.829048
6.702857
3.135714
5.07
0
2.358095
0.6190476
7.755714
10.26286
4.865238
9.87
3.561905
0
0.1966667
0.18
0.8871428
0.4657143
3.129048
2.138095
0.2257143
2.073333
0.3519048
2.01619
0.01
0.007142857
0.9566666
5.972381
1.627143
0.008571428
1.695714
4.644762
0.07
0.006190476
0.005714286
1.296667
3.372857
0.07
9.054762
5.749048
8.86
1.690952
2.212857
1.3
6.355238
0
12.38762
2.699524
2.579048
0.009523809
0.0952381
5.250952
4.034762
0.8833333
0.04095238
0.08095238
0.01
0
0.04285714
0.7061905
8.823333
2.202381
0.07714286
0.8157143
3.816667
1.417143
1.528095
4.603809
0.08428572
1.693333
0.2480952
6.233333
0.0452381
2.036667
1.145714
8.521905
0.1419048
0
0.2104762
0.7714286
4.270476
0.1042857
0.2171429
0.8176191
3.818095
8.704762
0
0
0
0.7290476
5.709524
0.367619
0.03238095
0
0.0009523809
8.705238
4.522857
10.66095
0.9528571
3.950952
0.8009524
4.512381
0.3919048
1.141429
7.152857
3.967619
0
0
0.4371429
0.1861905
0.89
1.27381
0.4185714
0.2042857
6.673333
1.324286
0.1290476
0.02523809
2.429048
1.012857
2.077143
1.228571
0.01428571
0.1942857
0.1171429
0.6090476
5.705238
0.4104762
0
0
13.57429
13.90333
22.57952
12.82524
4.627143
4.015714
4.92381
3.123809
2.871429
6.2
7.720476
8.561905
6.338095
14.81667
6.257143
8.861429
6.179048
4.523809
6.594286
5.709048
3.824762
1.080952
0.242381
0.1242857
0
0.2028571
4.950476
8.108095
4.159524
3.070952
26.66476
8.560476
4.761429
13.03048
12.16095
0
0.002857143
16.85619
10.13381
4.790476
0.008095238
0
0.7671429
1.04619
10.82238
3.512857
2.702857
5.379524
9.898571
35.64095
23.68333
10.27095
2.963333
0.5771429
0
0
0.05333334
0.05
0
0
0.1061905
0.432381
0.5980952
1.04381
1.012381
15.00714
3.92619
6.222381
0.03428571
0.002857143
0.3261905
1.425714
2.334286
6.581429
0.4104762
3.831429
10.74143
2.28381
24.96095
1.13619
0
0.008571428
0.2661905
27.1719
42.11191
15.56381
1.98381
12.28095
11.56429
8.134286
20.60191
6.635238
0
3.544286
16.09286
9.015714
0.2004762
28.85333
6.968095
0.03619048
11.36714
0.2809524
1.41619
4.254286
19.1681
4.209048
12.88429
6.990476
8.278571
6.21
2.65
2.466667
3.451429
0.4057143
0.03
8.574286
10.02857
0.05809524
0.001904762
30.82286
22.10143
3.227143
26.52381
14.07905
0
0
0.1152381
3.781905
0.1538095
1.577143
5.228095
11.41286
2.135714
0.7490476
0.01857143
11.65476
9.108095
0.002380952
0.3161905
2.692857
1.50381
0.3028571
0.1580952
0
0.01523809
0.0009523809
0.008571428
7.614286
44.28048
3.429048
0.767619
0.4895238
0.3333333
1.709048
4.148095
0.003809524
0.001904762
1.742381
15.22048
0.04666667
0.04142857
0.04047619
0.1714286
0.02619048
0
0
0.0552381
0.1433333
0.1328571
7.850476
8.738095
1.795238
3.262381
20.50524
0.9719048
0.1519048
0.6338095
12.14143
9.828572
0.1228571
0
0
0
0.01142857
1.120476
0.4880952
0.5323809
0.162381
0.03428571
0.01761905
0.06333333
8.927143
3.143809
0.2628571
5.312857
3.969048
14.55286
0
0
7.716667
20.26238
0.07428571
2.239048
1.097143
0.0447619
1.815238
13.92905
7.376191
4.013333
0.9061905
7.211905
1.284762
1.551905
3.535714
0.1057143
6.611429
0.6133333
1.116667
0.207619
3.967143
19.94143
5.078571
4.680952
9.510476
5.922857
3.771429
5.039048
2.816191
1.530952
4.48619
2.136667
11.73381
0.08619048
1.102381
7.184286
0.3519048
2.199524
0.9723809
19.23667
4.296191
0.312381
0.01952381
5.257143
0.8419048
0.02142857
0.1033333
0.07380953
1.343333
0.1966667
0.06333334
0.01190476
3.469048
2.76
1.655238
5.570952
5.06
3.297143
9.687143
7.741429
0.257619
3.010952
0
0
0.08857143
9.478571
4.674762
1.257619
0.2580952
0.002857143
0.3219048
2.90381
1.898095
0.4442857
0.04238095
0.006190476
0
0
0
0
0.3571429
0.01761905
0.0009523809
0
0
0
0.008571428
0.03333333
0
0
0.2919048
0.008571428
1.324286
0.9709524
0.172381
1.172381
0.04952381
9.098095
6.154762
1.721429
0.03
3.39
4.004286
5.380476
12.81238
2.266667
0.02142857
0.008571428
0
0
0.006666667
0.02619048
0.002857143
0
0
0.007142857
0
0.005714286
0.1547619
0.1752381
0.01142857
3.826667
23.72524
5.603333
10.30762
0.01142857
0
0
0
0
0.1904762
0.7942857
4.817143
5.040476
0.1161905
0.9880952
4.098571
0.4928571
0
0.2619048
13.55095
0.5885714
0
0.1985714
0.08333334
0.07142857
0
0.01714286
14.3281
2.303333
0.2514286
0.02285714
0.008571428
0
0.02571429
0.04
0.04428571
0.02857143
0
0.1009524
2.951905
0.3252381
0.2757143
6.346667
0.4309524
2.975714
3.124762
2.57
2.57381
5.704286
0.5633333
0
0.127619
0
0.09142857
0
0.01142857
1.47619
13.30143
1.678571
21.80381
17.64857
2.46
1.229524
0.4642857
0.7842857
2.03619
1.187143
3.688571
1.025714
0.647619
0.02571429
5.67381
21.69095
1.368095
0
0.08095238
23.73905
8.892857
0.5519048
0.1914286
5.365714
3.64
5.252857
1.600476
20.42095
8.140476
0.7428571
4.467619
0.2090476
6.06
2.08
0.7214286
9.563333
8.209524
26.79571
4.960476
0.06285714
0.5671429
9.58619
5.415714
3.029524
0.4790476
0
0.005714286
0.02095238
32.64143
22.46524
10.75857
2.281905
0.008571428
0.008571428
0.05380953
0.1571429
9.434762
20.40429
5.791905
6.483333
0.6271428
0.99
28.4919
5.602381
0.2438095
0.5571429
25.7219
2.097619
19.2619
6.685238
3.39381
5.935714
14.62667
6.316667
1.064286
0.4904762
6.3
10.13762
3.391429
4.142857
0.5966667
0.07190476
0.04571428
10.79905
6.191429
5.329524
2.346667
24.43762
8.243333
9.089047
1.170476
0.009523809
0.127619
0.3209524
7.293333
20.02571
0.04952381
0.1638095
0.3938095
12.06238
0.5090476
0.01714286
0.002857143
0.887619
3.997619
6.072381
5.850952
11.02
0
0.2314286
0.1757143
0.2009524
5.178095
0.6
3.509048
16.29905
19.30476
0.03857143
0.7638095
0.9957143
1.601905
0.01523809
7.01
1.835238
0.04428571
7.387143
0.02761905
0.7471428
3.794762
26.08524
6.613809
0.7452381
0
0.08380952
0.01904762
0.2314286
0.207619
0.07047619
0.1552381
0
0.01857143
0
0.04857143
0.05666667
0.0009523809
0.001904762
0.0009523809
12.88381
13.54476
26.0219
11.41905
23.36143
0.1938095
0.7871429
4.45619
0.05142857
0
0
0.0652381
0
13.2081
2.655714
0
0
0.03428571
0.08238095
0.5480952
1.422381
0.01238095
0.03952381
0.006190476
0
0.03428571
0.05523809
0.0352381
0.0147619
0.2990476
0.4047619
0.1952381
1.384762
0.3119048
0.02333333
0.09761905
0.02619048
0.0009523809
0.007142857
0.04285714
0.0009523809
0
0
0
0.01238095
0.006190476
0.02095238
0.02714286
0.06761905
0
0
0.05190476
0
0.03
0.05428571
0.01714286
0.03761905
7.16
5.054762
5.018571
15.18
13.57048
17.88714
1.392857
1.550952
12.72619
0.3290476
5.341905
1.705238
3.555238
5.279524
18.92429
10.13143
7.323809
1.331429
14.94619
8.333333
31.57048
1.596667
11.80667
0.05285714
0
0.006190476
0.03619048
3.986667
14.70143
28.78095
