0.07
0.03
0.05
0.06
0.03
0.05
0.01
0.04
0.02
0.05
0.03
0.03
0.02
0.09
0.04
0.03
0.02
0.03
0.12
0.01
0.03
0.05
0.1
0.09
0.02
0.04
0.03
0.02
0.03
0.16
0.19
0.18
0.18
0.25
0.24
0.3
0.25
0.05
0.08
0.08
0.23
0.02
0.04
0.08
0.14
0.08
0.35
0.31
0.08
0.13
0.31
0.33
0.16
0.08
0.17
0.58
0.21
0.15
0.3
0.16
0.3
0.46
0.83
0.56
0.12
0.05
0.28
0.12
0.75
0.74
0.12
0.59
0.84
0.2
1.05
1.51
1.85
1.92
1.5
0.22
0.92
0.25
0.1
0.09
0.18
0.27
1.45
1.52
1.75
2.21
2.47
2.74
2.86
0.4
0.71
0.35
0.19
0.14
1.3
0.55
0.2
1.17
1.84
0.38
2.46
2.02
3.82
0.89
1.68
0.18
2.55
3.84
3.83
1.42
0.53
1.17
3.25
3.12
4.63
4.83
1.81
0.75
1.96
1.44
0.46
0.18
0.12
0.42
0.63
0.19
2.09
1.95
1.97
0.49
3.06
3.54
1.08
4.33
5.28
4.73
5
0.38
0.34
2.22
5.37
5.44
2.28
0.27
1.01
4.63
4.96
0.28
0.15
0.35
0.13
0.26
0.16
3.11
4.06
4.38
5.62
4.92
0.84
0.16
0.54
3.71
0.88
0.22
2.93
1.53
0.39
0.46
3.19
1.12
0.53
2.41
1.34
4.69
1.26
0.7
4.99
5.37
0.77
0.44
2.6
5.32
0.75
0.22
1.85
1.46
0.43
0.61
0.53
0.49
0.3
3.11
1.72
3.73
2.44
4.08
1.49
1.47
2.12
2.69
1.65
0.16
2.63
0.7
2.27
3.8
3.91
3.75
3.21
4.69
3.97
1.77
1.86
2.5
0.67
1.02
2.25
1.31
2.04
0.54
1.47
0.53
0.14
2.32
1.65
0.51
4.46
2
0.26
0.31
2.38
2.29
0.27
1.23
0.12
1.72
2.07
0.51
1.1
0.31
1.86
2.04
1.68
1.66
1.98
1.75
1.59
1.69
1.47
1.82
1.16
0.14
1.35
0.22
0.19
0.37
0.94
1.3
1.11
0.68
0.62
0.97
0.11
0.18
0.1
0.11
0.23
0.33
0.19
0.14
0.27
0.82
0.83
0.92
1.1
0.63
0.15
0.6
0.3
0.12
0.11
0.21
0.53
0.7
0.46
0.33
0.31
0.51
0.09
0.17
0.23
0.44
0.55
0.9
0.88
0.1
0.26
0.57
0.19
0.44
0.31
0.08
0.13
0.2
0.06
0.07
0.14
0.1
0.26
0.63
0.33
0.41
0.27
0.14
0.26
0.6
0.51
0.36
0.35
0.11
0.11
0.17
0.07
0.06
0.16
0.31
0.45
0.09
0.27
0.11
0.06
0.22
0.21
0.1
0.18
0.09
0.22
0.16
0.03
0.09
0.07
0.06
0.07
0.1
0.13
0.05
0.18
0.12
0.13
0.04
0.1
0.15
0.19
0.05
0.15
0.18
0.02
0.03
0.06
0.05
0.17
0.19
0.11
0.04
0.04
0.17
0.24
0.03
0.15
0.26
0.09
0.21
0.23
0.24
0.04
0.18
0.16
0.11
0.12
0.05
0.02
0.02
0.05
0.06
0.02
0.03
0.04
0.05
0.12
0.03
0.12
0.15
0.04
0.03
0.03
0.02
0.14
0.12
0.19
0.25
0.3
0.29
0.23
0.02
0.03
0.06
0.04
0.05
0.06
0.32
0.4
0.09
0.06
0.05
0.36
0.37
0.51
0.5
0.55
0.19
0.81
1
0.84
0.36
0.69
0.09
0.14
0.64
0.11
0.11
0.76
0.99
0.55
0.6
1.13
1.11
1.38
1.57
1.43
1.23
1.02
1.01
0.87
1.1
1.31
0.25
1.16
0.22
0.46
0.82
0.18
0.21
1.35
2.71
3.31
3.47
2.12
2.6
0.41
0.19
0.15
1.68
1.6
1.46
0.85
2.63
3.51
0.92
0.56
0.25
0.22
0.19
0.63
3.73
1.52
0.49
0.23
2.01
0.63
0.72
1.38
4.47
4.92
3.66
0.47
0.45
0.31
0.2
0.4
1.48
0.4
0.34
3.43
3.33
1.83
0.63
1.49
0.2
2.27
0.27
3.46
4.6
2.11
1.02
0.21
3.46
4.47
5.08
4.91
4.33
4.58
1.33
3.37
3.16
4.93
4.92
0.42
0.93
0.26
0.95
3.85
1.9
5.01
3.91
1.03
1.84
0.33
1.01
2.94
2.47
4
4.57
5.4
6
4.77
3.73
4.95
0.86
4
4.13
4.62
1.38
0.46
0.33
0.54
3.13
1.63
0.59
0.44
0.21
0.63
2.16
0.31
0.25
0.57
3.1
4.25
2.76
0.76
2.12
1.44
0.36
3.38
0.56
1.19
1.19
0.35
0.79
1.4
2.93
3.48
1.45
0.18
0.32
1.42
0.17
0.19
1.04
3.48
0.3
0.21
1.25
2.75
0.48
0.7
2.88
0.44
0.39
0.2
0.44
1.81
1.33
0.44
0.31
0.13
0.12
0.21
1.11
0.4
0.36
0.69
0.18
1.52
1.6
1.56
1.74
1.29
1.45
1.28
1.67
3.2
2.46
2.78
0.78
0.15
0.38
0.58
1.17
0.77
1.35
0.76
0.29
0.39
0.25
0.32
0.96
0.81
1.02
1.03
0.62
0.75
0.17
0.59
0.15
0.96
0.16
0.12
0.26
0.46
0.38
0.46
0.53
0.69
0.64
0.56
0.73
0.88
0.88
0.79
0.71
0.51
0.55
0.47
0.26
0.48
0.58
0.84
0.13
0.57
0.37
1.02
0.81
0.88
1.14
1.08
0.98
0.12
0.17
0.68
0.23
0.11
0.1
0.29
0.53
0.58
0.39
0.44
0.68
0.36
0.09
0.47
0.13
0.42
0.23
0.39
0.63
0.09
0.37
0.5
0.36
0.07
0.1
0.47
0.13
0.11
0.14
0.42
0.62
0.06
0.31
0.1
0.06
0.05
0.05
0.12
0.35
0.29
0.26
0.2
0.1
0.35
0.03
0.11
0.09
0.07
0.1
0.17
0.09
0.03
0.06
0.06
0.05
0.04
0.06
0.06
0.24
0.04
0.03
0.04
0.06
0.18
0.2
0.12
0.1
0.12
0.05
0.11
0.12
0.13
0.13
0.05
0.12
0.16
0.03
0.02
0.03
0.09
0.03
0.03
0.05
0.13
0.08
0.14
0.05
0.11
0.09
0.09
0.1
0.12
0.08
0.02
0.04
0.08
0.1
0.08
0.05
0.05
0.05
0.17
0.25
0.28
0.34
0.06
0.03
0.07
0.07
0.28
0.06
0.31
0.15
0.08
0.08
0.09
0.07
0.27
0.2
0.09
0.25
0.11
0.06
0.12
0.11
0.17
0.09
0.16
0.14
0.1
0.35
1.11
0.98
0.81
0.67
0.99
0.97
1.07
1.47
0.56
0.2
0.23
0.18
0.27
0.45
1.65
0.15
0.31
0.21
0.62
1.31
0.81
0.65
2.1
0.19
0.35
2.09
2.72
0.64
0.16
0.2
0.22
0.26
1.39
0.44
0.29
1.11
0.68
2.24
3.29
4.04
3.04
1.04
3.09
0.66
0.33
0.42
0.14
0.23
2.5
2.72
3.41
3.78
4.62
0.27
1.77
2.83
0.79
0.24
1.29
2.85
3.43
1.34
0.84
3
0.49
1.16
0.54
1.6
0.45
1.15
3.17
0.27
1.06
1.42
1.25
0.5
0.29
0.3
0.32
0.53
0.33
0.66
1.15
0.36
0.84
0.87
4.47
4.32
5.28
5.67
5.6
5.49
5.65
5.96
5.73
1.8
1.08
3.14
2.5
2.51
2.19
0.83
2.5
3.73
4.29
2.55
1.71
1.86
0.82
3.5
4.53
4.36
4.02
4.64
3.1
0.63
0.22
0.7
2.55
4.88
4.63
3.31
2.27
3.02
3.42
4.92
4.73
6.05
6.02
4.03
3.24
2.72
2.23
5.07
6.37
4.03
4.93
1.26
0.88
3.97
1.22
0.28
1.42
0.24
0.3
0.25
0.2
0.5
1.15
0.5
0.24
0.18
0.39
0.18
0.44
3.21
0.59
2.88
2.27
2.34
0.43
0.48
0.33
2.26
0.58
1.9
1.74
0.14
0.21
0.32
0.31
2.35
2.89
1.19
0.37
1.85
1.82
1.53
1.73
0.33
1.33
1.34
1.13
1.97
2.58
1.88
0.81
0.94
0.14
0.13
0.18
1.09
1.21
1.49
1.27
1.3
0.18
0.16
0.47
0.79
1.04
0.48
0.14
0.63
0.63
0.2
0.18
0.62
0.15
0.81
1.04
0.87
0.99
0.78
0.58
0.16
0.42
0.6
0.77
0.76
0.35
0.86
0.56
0.78
0.58
0.47
0.7
1.12
0.84
0.35
0.09
0.45
0.6
0.2
1.21
0.25
0.94
0.83
0.85
0.99
0.8
0.09
0.3
0.2
0.13
0.33
0.06
0.33
1.39
0.35
0.17
0.38
0.28
0.23
0.11
0.19
0.51
0.9
0.54
0.47
0.26
0.05
0.11
0.25
0.14
0.23
0.1
0.17
0.08
0.18
0.29
0.03
0.08
0.22
0.09
0.23
0.31
0.34
0.33
0.07
0.09
0.14
0.17
0.21
0.24
0.22
0.13
0.06
0.08
0.11
0.25
0.33
0.26
0.25
0.06
0.05
0.04
0.03
0.06
0.13
0.02
0.05
0.02
0.07
0.14
0.03
0.12
0.06
0.11
0.08
0.1
0.05
0.04
0.11
0.04
0.04
0.04
0.03
0.13
0.1
0.03
0.13
0.18
0.15
0.1
0.04
0.13
0.07
0.19
0.26
0.03
0.06
0.05
0.18
0.09
0.04
0.04
0.07
0.09
0.16
0.43
0.39
0.48
0.3
0.51
0.65
0.6
0.47
0.19
0.08
0.04
0.26
0.09
0.08
0.07
0.07
0.63
0.38
0.53
0.17
0.12
0.81
0.3
1.09
1.14
1.34
1.21
0.95
1.07
0.57
0.97
0.14
0.13
0.52
0.38
0.13
0.35
1.03
1.41
1.39
1.98
1.66
1.83
1.03
1.42
2.15
0.85
0.61
1.29
2.01
2.55
1.6
1.87
3
2.78
3.28
4.41
4.24
3.73
3.03
3.24
1.32
2.86
3.3
3.62
4.58
2.76
3.56
4.44
4.24
2.07
2.02
3.34
0.65
1.52
1.4
1.79
0.34
0.14
0.17
0.33
0.67
0.72
3.37
0.77
1.62
4.13
0.92
0.27
1.84
0.17
3.2
3.79
4.32
2.4
1.44
2.4
3.1
1.21
1.81
1.58
0.23
0.21
3.73
2.43
0.26
0.32
2.18
1.76
1.97
1.39
1.64
2
1.37
1.95
0.67
1.03
0.56
4.12
0.46
1.51
3.77
1.48
4.29
3.48
0.4
0.29
1.01
3.76
1.42
0.71
0.5
1.73
3.81
2.75
2.65
0.19
1.09
0.64
0.38
0.43
2.17
0.64
0.25
0.35
0.28
1.33
4.68
4.72
7.11
8.51
5.29
3.06
3.31
2.02
1.03
0.72
3.01
0.91
3.61
4.18
2.07
1.68
0.69
0.71
3.85
3.84
0.52
0.45
3.34
3.15
3.77
0.24
0.22
0.3
0.71
0.53
1.38
1.28
1.76
2.49
0.34
0.4
0.81
0.93
0.21
0.44
1.58
1.69
2.28
2.39
2.54
0.36
0.35
0.18
0.2
1.57
0.64
1.85
0.92
0.22
0.33
1.91
1.53
1.67
0.36
2
0.73
1.51
1.29
0.57
1.02
1.34
0.76
0.19
1.36
1.31
1.45
1.61
1.12
1.25
0.17
0.13
0.23
0.26
1.05
0.22
0.92
0.98
1.05
0.12
0.68
0.23
0.91
1.07
0.57
0.69
0.61
0.66
0.77
0.6
0.92
0.97
1.08
0.16
0.75
0.76
0.34
0.47
0.35
0.2
0.52
0.21
0.17
0.32
0.77
0.15
0.18
0.48
0.46
0.15
0.14
0.5
0.12
0.09
0.21
0.19
0.08
0.14
0.14
0.38
0.07
0.12
0.42
0.43
0.37
0.12
0.28
0.2
0.17
0.08
0.06
0.08
0.16
0.49
0.41
0.28
0.13
0.23
0.13
0.09
0.09
0.21
0.06
0.05
0.07
0.04
0.05
0.03
0.03
0.1
0.2
0.36
0.3
0.22
0.2
0.19
0.1
0.06
0.09
0.04
0.04
0.13
0.07
0.12
0.2
0.34
0.03
0.04
0.12
0.18
0.15
0.16
0.09
0.02
0.03
0.22
0.09
0.18
0.24
0.03
0.07
0.03
0.21
0.07
0.09
0.06
0.08
0.12
0.13
0.04
0.18
0.19
0.11
0.18
0.08
0.18
0.17
0.03
0.1
0.13
0.04
0.23
0.1
0.12
0.04
0.2
0.34
0.31
0.25
0.26
0.33
0.39
0.44
0.28
0.37
0.4
0.54
0.62
0.57
0.04
0.21
0.43
0.58
0.56
0.59
0.09
0.4
0.06
0.17
0.14
0.32
0.1
0.22
0.88
0.3
0.34
0.87
0.73
0.22
0.12
0.24
0.15
1.18
0.2
0.1
0.26
0.89
0.33
0.13
0.92
0.2
0.85
0.2
0.26
0.22
1.64
1.24
2.78
0.31
0.26
0.23
0.18
0.58
0.45
0.31
1.79
1.18
0.78
1.26
0.48
0.55
3.16
0.26
0.16
1.31
1.84
1.97
1.69
3.55
0.37
0.14
0.2
0.75
0.25
3.24
3.66
2.05
0.84
1.57
1.97
1.23
3.14
2.04
4.57
4.48
3.84
4.35
4.13
5.25
3.16
3.91
5.04
5.56
3.06
3.41
0.54
0.28
0.67
0.49
0.42
0.31
3.54
2.42
2.36
1.63
1.41
3.69
3.12
2.13
0.87
3.19
3.2
1.41
0.2
0.26
0.19
0.28
0.65
1.48
2.25
0.25
1.25
1.08
0.81
0.36
0.6
0.29
1.46
3.2
3.98
4.24
5.32
3.54
2.94
3.1
1.17
1.4
5.18
2.61
2.02
2.88
3.86
0.58
1.71
4.14
1.48
0.28
1.25
4.49
4.81
3.16
0.24
0.36
0.23
4.03
4.04
0.24
0.88
3.26
0.61
1.56
0.54
2.99
3.96
4.46
1.78
1.25
1.4
1.61
1.77
4.16
0.68
1.99
3.11
1.11
0.45
1.57
1.66
0.42
1.08
3.49
1.9
0.33
1
0.58
0.2
2.49
0.85
3.23
2.02
0.33
1.28
0.7
0.43
2.46
0.37
1.58
2.09
2.16
1.72
1.74
0.96
0.51
2.07
2.33
0.29
3.1
0.4
0.21
1.6
1.99
0.76
0.95
0.22
0.15
0.21
0.31
1.17
1.19
0.86
0.5
0.92
0.25
0.9
0.68
0.83
0.23
1.22
0.73
1.09
1.14
0.53
0.35
0.22
0.16
0.16
1
0.27
0.64
0.46
0.77
0.72
0.92
0.98
0.5
0.2
0.63
0.13
0.44
0.71
0.69
0.91
0.52
0.17
0.2
0.38
0.13
0.53
0.26
0.12
0.09
0.08
0.12
0.09
0.37
0.65
0.16
0.3
0.3
0.45
0.5
0.33
0.73
0.55
0.08
0.07
0.17
0.33
0.07
0.07
0.11
0.3
0.29
0.12
0.2
0.38
0.05
0.09
0.38
0.3
0.11
0.32
0.69
0.06
0.13
0.38
0.21
0.14
0.05
0.05
0.28
0.32
0.05
0.06
0.06
0.16
0.31
0.12
0.04
0.05
0.04
0.04
0.03
0.03
0.12
0.16
0.16
0.05
0.22
0.12
0.29
0.24
0.18
0.07
0.1
0.04
0.16
0.08
0.04
0.08
0.15
0.17
0.12
0.05
0.09
0.12
0.15
0.11
0.14
0.13
0.16
0.05
0.03
0.02
0.02
0.11
0.04
0.03
0.13
0.15
0.04
0.04
0.13
0.16
0.05
0.06
0.25
0.22
0.2
0.15
0.07
0.03
0.04
0.05
0.1
0.06
0.05
0.06
0.07
0.31
0.17
0.04
0.15
0.35
0.09
0.12
0.04
0.05
0.06
0.45
0.15
0.09
0.48
0.32
0.09
0.11
0.22
0.07
0.08
0.47
0.89
0.11
0.1
0.16
0.17
0.52
1.02
0.23
0.97
1.08
1.38
0.79
1.13
1.87
1.03
1.05
0.2
0.16
0.33
0.55
0.46
0.17
0.29
0.91
1.24
0.66
1.7
1.78
1.98
2.55
3.13
1.55
3.22
4.19
4.51
3.31
3.28
3.63
4.37
1.21
0.74
1.11
1.15
1.53
1.16
0.96
1.89
3.63
6.2
3.19
0.33
0.24
0.29
0.66
2.53
0.48
2.14
0.26
0.54
2.33
4.43
2.35
2.49
2.62
2.09
1.42
0.87
1.97
0.45
2.83
3.61
0.38
2.86
5.33
3.75
2.16
3.55
3.89
6.45
2.16
1.75
0.72
4.54
5.09
2.52
1.84
2.02
2.57
2.12
3.67
0.3
1.27
0.99
0.43
2.83
1.38
3.44
3.53
3.41
1
0.34
3.71
2.71
0.25
0.91
0.54
0.43
0.22
0.62
3.08
0.73
0.24
2.18
2.03
2.22
2.19
2.52
0.75
1.61
1.09
0.6
0.29
0.48
1.02
0.87
0.67
0.59
2.4
2.91
1.06
3.43
0.28
0.21
1.09
2.26
3.6
2.49
2.36
1.26
1.02
4.08
3.62
2.54
3.66
0.5
1.29
3.55
0.56
0.2
1.02
2.98
3.47
2.16
0.26
2.57
0.44
1.47
2.78
2.38
1.53
3.21
3.41
3.14
2.52
3.47
3.97
1.48
0.22
2.06
2.75
1.28
0.75
2.17
1.22
0.55
2.6
2.35
2.82
0.69
0.63
0.29
2
1.99
2.21
2.13
1.99
1.9
0.72
0.87
0.46
0.58
0.3
0.2
0.19
0.97
0.98
0.71
0.92
1.04
1.11
0.79
0.21
0.68
0.41
0.87
1.1
0.94
0.58
0.92
1.25
1.13
0.4
0.27
1.2
0.25
0.29
0.11
0.68
0.27
0.22
0.51
0.65
0.35
0.08
0.15
0.8
1.03
0.77
0.19
0.11
0.61
0.19
0.18
0.66
0.7
0.95
0.47
0.41
0.81
0.14
0.41
0.14
0.49
0.17
0.47
0.08
0.16
0.1
0.18
0.2
0.2
0.31
0.09
0.07
0.34
0.16
0.52
0.44
0.58
0.26
0.37
0.05
0.43
0.28
0.22
0.33
0.35
0.07
0.04
0.15
0.18
0.05
0.14
0.09
0.05
0.06
0.31
0.07
0.05
0.07
0.09
0.12
0.14
0.42
0.19
0.11
0.1
0.35
0.17
0.34
0.08
0.07
0.07
0.31
0.2
0.1
0.05
0.03
0.03
0.05
0.06
0.24
0.05
0.13
0.04
0.15
0.06
0.04
0.05
0.06
0.09
0.03
0.07
0.09
0.12
0.02
0.07
0.17
0.12
0.02
0.16
0.16
0.17
0.07
0.03
0.05
0.02
0.03
0.03
0.08
0.13
0.05
0.03
0.13
0.05
0.03
0.03
0.23
0.24
0.05
0.08
0.25
0.34
0.25
0.34
0.36
0.11
0.2
0.06
0.14
0.63
0.63
0.3
0.39
0.54
0.29
1.04
0.56
0.75
0.17
0.46
0.15
0.41
0.15
0.61
0.72
0.71
0.82
0.17
0.75
1.2
1.08
0.2
0.11
1.29
1.5
1.88
1.14
0.14
0.67
1.14
1.9
2.66
1
0.84
0.26
1.76
1.57
0.99
0.26
1.8
2.02
0.25
0.75
2.8
2.89
2.06
1.69
1.14
1.74
0.87
1.68
0.32
1.01
1.91
2.75
0.29
1.15
0.9
1.82
3.51
2.12
2.77
2.68
0.7
1.07
4.01
4.56
2.84
0.27
0.21
0.52
0.33
0.25
0.31
0.86
1.1
1.59
0.49
1.93
0.57
0.25
0.37
0.31
0.25
0.54
0.46
0.95
0.27
1.07
3.27
4.32
4.76
3.59
2.22
0.44
0.47
0.95
0.21
0.26
0.38
0.19
0.28
3.26
3.94
2.44
1.16
2.2
5.07
3.43
4.32
0.36
0.37
0.82
0.55
0.3
0.54
0.19
0.26
0.38
0.26
0.44
3.9
4.62
4.61
5.18
5.01
6.2
3.68
3.22
3.7
4.35
3.1
0.79
1.73
1.32
4.92
5.33
4.87
4.39
2.12
3.05
3.2
5.05
2.57
4.28
0.43
2.22
4.01
4.22
2.81
1.48
0.22
0.17
1.45
0.58
0.29
0.49
0.21
1.91
3.89
3.51
0.42
0.37
1.9
0.19
0.33
2.99
0.65
3.34
2.5
0.63
0.2
0.3
0.58
0.3
0.22
0.33
0.32
0.9
0.88
2.44
2.57
0.59
0.63
3.02
2.61
0.38
0.22
0.95
0.51
0.47
2.3
1.92
1.98
0.46
1.35
1.07
0.21
0.21
0.78
0.38
1.55
1.35
0.25
0.79
0.87
0.21
0.25
0.67
1.33
1.48
1.3
1.1
1.27
0.73
0.14
0.28
0.23
0.3
0.8
0.18
0.32
0.65
1.8
1.98
0.15
0.76
0.62
0.61
0.6
0.27
0.58
0.57
0.35
0.16
0.23
0.14
0.15
0.2
0.81
0.11
0.63
0.88
0.27
0.13
0.16
0.45
0.83
0.29
0.89
1.38
1.1
0.21
0.11
0.3
0.66
0.53
0.55
0.12
0.09
0.44
0.44
0.35
0.06
0.35
0.96
0.22
0.07
0.16
0.12
0.2
0.29
0.16
0.06
0.1
0.06
0.15
0.08
0.18
0.13
0.09
0.21
0.08
0.07
0.21
0.33
0.14
0.06
0.21
0.16
0.09
0.07
0.05
0.07
0.12
0.09
0.08
0.24
0.06
0.08
0.24
0.12
0.08
0.2
0.05
0.04
0.07
0.14
0.27
0.05
0.09
0.08
0.11
0.14
0.06
0.23
0.16
0.28
0.15
0.09
0.21
0.12
0.03
0.06
0.02
0.02
0.02
0.07
0.15
0.16
0.14
0.03
0.03
0.07
0.16
0.16
0.05
0.04
0.02
0.13
0.14
0.09
0.05
0.04
0.04
0.07
0.17
0.2
0.19
0.31
0.37
0.37
0.3
0.42
0.23
0.38
0.31
0.44
0.19
0.04
0.06
0.12
0.34
0.06
0.03
0.06
0.41
0.09
0.04
0.24
0.06
0.14
0.32
0.17
0.46
0.4
0.21
0.52
0.8
0.96
1.06
1.06
0.85
0.91
0.82
1.35
1.7
0.34
0.11
0.29
0.14
1.11
1.4
1.36
1.43
1.63
2.03
0.73
0.79
0.19
1.5
0.46
0.93
1.33
2.15
2.18
0.27
2.2
1.88
2.58
2.1
2.6
3.03
3.14
0.27
1.4
1.68
2.75
2.65
2.78
3.01
3.37
3.77
4.09
5.48
3.08
1.18
3.71
2.5
0.47
1.19
0.99
2.34
1.52
1.49
0.86
1.86
4.32
4.64
4.82
3.42
4.96
3.68
2.51
0.37
2.72
0.61
0.26
0.63
0.49
3.7
3.91
3.01
1.91
0.99
2.38
3.88
4.19
1.59
0.27
2.56
4.76
4.58
1.28
0.34
1.27
1.46
2.11
4.07
1.07
1.07
0.3
0.35
1.95
0.44
3.37
0.25
1.72
2.05
1.48
1.83
0.23
1.19
1.93
3.03
1.34
0.33
0.55
0.56
4.62
5.05
4.85
0.35
0.54
0.55
4.05
5.53
5.64
5.87
3.39
2.94
2.44
2.11
1.7
2.99
4.36
0.48
0.51
2.29
5.42
0.7
0.5
1.2
0.35
0.64
0.6
0.46
1.1
1.96
2.26
1.11
0.56
0.88
0.46
3.18
4.14
4.88
0.85
0.89
0.72
1.92
0.58
0.49
0.43
3.87
4.58
3.06
3.54
2.16
0.43
3.14
4.08
3.19
2.47
3.48
4.59
3.89
4.18
3.23
2.74
3.79
0.38
3.24
2.17
3.1
3.34
1.09
1.39
2.55
0.37
0.28
2.47
0.57
0.4
0.79
1.67
1.65
1.06
1.39
0.21
1.07
1.64
0.4
0.21
0.15
0.74
1.23
1.04
1.01
1.17
1.07
1.05
0.94
0.89
0.81
0.87
0.89
0.87
1.02
0.96
0.97
1.2
0.18
0.1
0.32
0.09
0.6
0.57
0.19
0.64
0.55
0.48
0.56
1.03
0.19
0.2
0.76
0.74
0.75
1.39
0.65
0.36
0.33
0.85
0.87
0.68
0.27
0.25
0.65
0.95
0.44
0.89
0.35
0.16
0.19
0.47
0.32
0.1
0.46
0.31
0.27
0.06
0.27
0.7
0.59
0.77
0.46
0.57
0.33
0.04
0.05
0.26
0.42
0.61
0.45
0.19
0.37
0.4
0.54
0.07
0.06
0.07
0.04
0.06
0.14
0.32
0.1
0.13
0.07
0.2
0.07
0.05
0.11
0.07
0.04
0.06
0.04
0.03
0.02
0.04
0.06
0.16
0.16
0.09
0.14
0.07
0.08
0.03
