1.063705
0.9754266
0.9307544
0.853898
0.7878035
0.780189
0.78491
0.963091
2.92628
6.911442
4.045469
9.715482
15.43631
25.87071
8.560352
5.384314
7.347553
6.183742
4.562194
4.343859
4.692505
3.432801
2.822468
2.4059
2.125582
1.967047
1.803892
1.68084
1.52464
1.40433
1.315036
1.823334
2.878156
3.068621
2.786273
2.621646
2.763277
4.292029
6.547161
4.064709
2.876176
2.431586
2.284574
2.180965
2.124668
2.146192
1.889581
1.832624
1.661043
1.619365
1.451743
1.325748
2.179036
3.49651
2.56078
1.97654
1.644341
1.525757
1.294071
1.200818
1.111626
1.056801
1.015835
1.00888
1.005276
1.199803
1.969686
1.871509
1.705207
1.506314
1.414483
1.350317
1.328235
1.72338
2.781806
3.254468
3.326045
3.534988
3.751699
3.940693
4.53666
4.576357
2.964657
3.466457
3.992117
3.360666
2.671902
2.452907
2.773379
3.800889
4.817028
5.995206
5.933122
5.495487
4.207304
4.892819
4.654686
4.879722
3.873634
3.543365
3.225278
4.032525
4.209589
3.194566
2.477477
2.310819
2.512402
2.722006
2.600071
3.173906
2.62789
2.109287
2.294321
2.59398
6.045969
3.666822
2.479457
2.163807
2.09949
2.260665
2.40925
2.360314
1.872981
1.736071
1.703075
2.030603
3.902671
5.277761
4.002016
5.186944
6.252832
3.682863
2.928716
3.289342
2.779826
2.156599
1.946487
1.637996
1.663936
1.744904
1.841559
2.079895
4.344671
3.443664
2.09086
1.662159
1.454434
1.431539
2.117308
1.905826
1.351637
1.580734
2.398641
3.693524
11.73299
18.81195
8.519284
8.05647
4.689459
3.278327
2.524433
2.168833
1.998419
2.828255
4.558082
2.897903
2.092738
1.76988
1.703176
1.400878
1.344124
1.730132
1.623122
1.287979
1.08731
1.364227
1.319047
1.128581
0.92116
1.074213
1.26407
0.9449175
0.8230844
0.8562331
1.055481
0.7665843
0.6848545
1.325748
2.580883
1.561038
4.605242
3.126695
2.303255
2.259294
2.281427
2.986536
1.889429
1.368135
1.088579
3.694387
1.67485
1.207925
1.002078
1.562205
1.331382
5.960991
7.635638
3.183906
2.135938
1.624137
1.290924
1.043196
0.8968442
0.7893772
0.6932813
0.7389687
0.6140898
0.8557763
1.394837
1.017611
1.45616
0.9629894
0.7166327
0.6477462
0.6368827
1.813689
1.293766
1.15376
1.097564
0.8581622
0.7504921
0.6711483
0.7632338
1.342804
1.460221
1.069746
0.8596851
0.9184696
1.43159
3.93516
2.098373
1.304021
1.226047
1.256963
1.338997
0.9266933
0.7575991
0.6683055
0.6583558
0.5610924
0.5224103
0.4862665
0.4538284
0.4375333
0.4139281
0.4512395
1.076294
0.8136423
0.7516597
0.8796353
1.047511
0.685819
0.5703314
0.5040338
0.4739817
0.4343859
0.4328122
5.35284
6.163945
6.713818
4.328579
2.722768
1.843132
1.490781
1.215996
0.9706548
0.8582129
0.7539948
0.6650059
0.6116531
0.5868296
0.534949
2.373716
3.638648
5.163542
2.450267
1.665916
1.292548
1.154217
1.990144
2.509204
2.190001
1.736376
3.748095
4.273247
3.852161
2.330871
1.832878
1.431844
1.414889
4.170805
2.790943
1.94867
1.55586
1.285137
1.052588
1.003804
0.9777109
0.8632893
0.8094797
0.9393843
0.9793861
1.111524
1.187467
1.058425
0.9071492
0.8669443
0.8487201
0.9027328
0.8672489
0.8349123
0.7807981
0.7602895
1.043958
2.172691
1.298437
1.064212
1.901866
2.072889
1.703075
1.260719
1.097666
0.9881175
0.9190787
0.8038449
0.786636
0.7041448
0.6665796
0.6465278
0.6017542
0.5791135
0.5525133
0.5367765
0.5236287
0.5151511
0.5073843
0.481647
0.4596155
0.4607831
0.4557575
0.4362134
0.4619506
0.5967793
0.854761
2.32884
1.327524
0.9665429
0.8065354
1.835924
2.507986
1.834604
1.69876
1.487786
1.329149
1.184573
1.058933
1.091371
1.948315
3.994959
2.225079
1.719522
2.211931
4.015874
2.189037
1.680739
1.534844
1.411995
1.161324
1.105027
1.127515
0.9341048
0.7822195
0.7008959
0.732471
0.8840009
0.736989
6.000993
5.099935
2.459303
1.720588
1.441489
1.166197
1.065888
0.8808536
0.8185664
0.8120179
0.6796766
0.8574007
0.8189217
0.7601373
0.7201354
0.6955657
0.6681532
0.6580512
0.6038355
0.7020635
0.6453603
0.9085706
4.755452
13.65551
5.358983
3.248071
2.395798
2.001211
1.769423
1.561698
1.465957
1.366105
1.312194
1.220413
1.103453
1.076802
1.035683
0.9388259
0.8293283
0.7772447
0.7955704
0.7988193
0.8052155
0.7790214
0.7553655
0.6728743
0.6960733
0.7299328
0.7298313
0.8949152
1.001875
1.205437
1.241277
1.758408
4.03222
4.688241
6.421977
6.706559
7.294099
5.968504
4.919165
4.745401
4.942009
6.982359
5.087447
3.845612
3.976431
3.205024
4.834643
5.284665
3.361782
2.838357
2.30224
1.975778
1.802318
1.664444
1.837853
2.391331
3.327263
3.735302
3.212131
2.897344
2.725509
2.600071
2.408895
2.24975
2.71028
3.559
4.743878
8.054389
8.346484
4.87764
3.274621
3.788452
3.26325
3.710479
3.186343
3.278276
2.78211
2.602711
2.438643
2.372548
2.440521
3.946581
3.765659
5.569348
5.98886
10.8998
5.923679
4.02821
3.282337
2.760079
2.272543
2.047406
1.870697
1.840036
3.156494
2.100606
2.355796
1.878819
1.662921
2.098627
2.764546
3.651238
2.352852
1.913339
1.703735
1.580785
1.423265
1.495197
1.726122
1.436717
1.161679
1.024008
2.488086
2.17929
1.485654
2.855464
2.590731
1.659418
1.286812
1.061116
0.8813612
0.8954736
1.272395
1.299807
1.907552
1.305087
0.9908588
0.8510552
0.8187187
0.9706548
0.7129777
0.6412484
0.6031248
0.8317142
0.7735897
0.7569899
0.6245471
0.5729203
0.667138
2.492858
2.223201
1.180817
0.9243582
3.466711
3.014913
3.079942
3.190759
1.98385
1.424889
2.70698
3.993081
2.171219
1.515147
1.145181
0.9412118
0.7949612
0.738055
4.511786
3.236751
2.111977
1.881713
1.371638
0.9601467
1.160968
4.442696
2.320515
1.462302
1.096041
1.064517
0.9021236
0.8423239
1.144927
7.655487
4.960995
2.517276
2.018064
3.687991
5.487618
2.938818
1.924202
1.439966
1.175131
1.15442
1.000352
3.438588
3.843226
3.252234
1.916334
1.441692
1.630483
4.334722
22.69731
29.11655
10.30937
5.683059
3.89998
2.926229
2.332445
2.092078
1.69145
1.473826
1.275136
1.12985
1.01487
0.9239013
0.872376
0.8338463
0.7617617
0.7027234
0.676377
2.142588
1.724751
1.495451
1.273765
1.014667
0.8669443
0.7793767
1.564642
2.156751
1.303005
1.057309
0.8939506
1.045633
0.7288667
0.6702853
0.6156127
0.5768799
0.566321
0.5234256
0.5069781
0.9239521
1.114672
4.191669
7.269225
6.167904
4.061561
2.888562
1.997708
1.561139
1.263816
1.093452
1.038424
0.9289269
0.8654722
0.8105457
0.7409485
0.6979008
0.667138
0.6520611
0.6216028
0.6012973
0.5606863
0.5417006
0.6364259
0.7007944
0.5681993
0.5112931
0.4782966
0.4765199
0.4538284
0.4408837
0.4213904
0.4284465
0.4114407
0.3976837
0.4010848
0.4719004
0.7373443
0.5920583
0.4794642
0.4498689
0.4158063
0.4015417
0.3876832
0.3754999
0.3589001
0.3606769
0.3738754
0.5604324
0.4792611
0.3872263
0.3520978
0.3393053
0.3838759
0.3635704
0.341945
0.3569711
0.3442294
0.3091008
0.3373763
0.3910336
0.3692052
0.3622505
0.3487474
0.336361
0.543122
0.8354707
1.102793
0.9683196
0.7717622
0.7625739
0.6945504
0.6228212
0.5651535
0.5382994
0.4940334
0.4767737
0.4761645
1.487227
1.240261
0.8391765
0.7663304
0.7013528
0.6593711
0.6188616
0.6694223
0.6817579
0.7207445
0.7237904
0.6823671
0.600282
0.4923074
0.9873053
6.435023
3.638445
2.288382
1.78983
1.520021
1.261937
1.085482
0.9132917
0.819937
0.7461772
0.6849561
0.6075412
0.6690162
0.6467309
0.5539854
0.5018002
0.592109
1.701958
2.137969
1.485451
1.360369
1.726883
1.336103
0.9982703
0.8962858
0.9694364
0.8567915
0.700236
0.6879511
0.7689194
0.7717622
0.7538425
0.7395271
0.765569
0.6838392
0.54764
0.6173894
0.6063737
0.569773
0.5822101
0.5587572
0.5187553
0.4804794
0.4376855
0.4639812
0.5311925
4.923683
10.32708
4.896525
3.026284
2.524078
2.208936
2.008825
1.700638
1.453723
1.280416
1.190614
1.061928
0.9504
0.9565424
0.8602942
0.9419224
2.455192
2.393057
1.799526
1.504842
1.376765
16.55255
16.00629
7.96672
5.098666
3.611693
2.931204
2.439506
2.131725
1.878261
1.720944
1.625406
1.737544
2.706168
5.000489
6.172676
4.463509
4.515948
8.965345
9.896303
13.06402
10.66619
6.327201
10.73172
8.280998
6.516093
6.63351
5.017393
4.716059
5.308321
5.077294
4.405435
5.262735
8.013625
7.285571
5.968402
6.149629
9.378106
8.472023
8.658884
8.776961
6.200241
5.013078
4.156896
3.762969
3.624434
4.355027
3.800788
3.45402
3.463259
3.441126
9.204646
11.25753
7.478118
4.95602
3.611033
3.088825
2.995217
2.955164
2.846073
2.335237
2.116292
2.268279
2.559054
4.214716
2.568852
2.270361
6.458222
4.392338
2.804548
2.755104
2.691903
4.787027
3.33635
2.622204
2.461791
2.299144
1.906384
1.553626
1.480273
1.383212
2.201931
9.827112
15.04852
10.80223
7.336081
6.772247
5.043435
4.163343
4.724232
3.624485
2.9409
2.282645
1.882576
1.662972
1.468902
1.336459
1.299909
1.196858
1.140307
1.094011
1.075837
1.173304
1.269146
1.09726
0.9804522
1.892729
1.20691
0.9891835
0.8327803
0.7991746
0.7865344
0.9023267
1.061674
1.215539
0.7949105
0.6706407
0.6307403
0.6669349
0.6032263
0.9049156
1.6017
2.124821
1.033551
0.8012559
0.7719652
0.5875911
0.5412945
0.5252024
0.490886
0.4862157
0.4462646
0.4089025
0.3912367
0.3659055
0.347326
0.334432
0.3203704
0.3626059
0.3201166
0.3001156
0.2896075
0.3109283
0.4543868
0.5045922
0.3949424
0.500785
0.7205922
0.8869452
1.563931
2.653221
2.494686
4.218675
2.835768
2.437729
2.051162
1.494334
4.864188
3.180911
4.106031
2.267822
1.561342
1.246962
0.9811629
0.8335417
0.8552686
1.845721
1.324123
1.050303
0.9824827
0.9907065
0.9841579
2.823229
6.644069
9.785282
11.75878
7.535887
4.234412
2.643982
1.895571
1.499766
1.235946
1.03614
0.9054233
2.077357
1.860798
1.190411
0.9243074
1.145688
0.8920724
0.7275469
0.6797274
0.7389687
13.6679
10.93366
7.503094
4.418837
2.927955
2.260259
1.59571
1.303107
1.165131
4.138621
3.878913
2.739621
1.935015
1.544793
3.211826
6.936874
4.119178
5.874439
3.560269
2.511286
2.128374
1.864758
1.641346
1.410269
1.240871
1.085432
0.9831934
0.9262364
0.8698378
0.8202924
0.8059262
0.7661274
0.7336385
0.6913523
0.6597264
0.6212475
0.603937
0.6693716
0.6406392
0.5837838
0.5575897
0.539467
0.5969316
0.9110073
0.7423192
0.6161203
0.7663304
0.7646045
0.6480508
0.5851036
0.5546961
0.5432235
0.5303295
0.5306848
0.5286543
0.6627723
0.8270439
2.158071
1.335088
1.706425
1.28006
0.9767464
0.7994792
0.7116578
0.7152113
0.776737
1.745717
1.525655
1.120865
0.9586745
0.8703455
0.749223
0.6764277
0.673585
0.7108964
0.6633307
0.6373396
0.5921598
0.6641429
1.821761
1.738153
3.464224
2.316505
4.082831
4.883783
3.04928
2.203758
1.761656
1.527991
1.388593
1.357932
1.413569
2.413921
1.836482
1.423874
1.183
1.033551
0.9259826
0.8440498
0.7904432
0.7604418
0.7118101
0.6705391
0.6508935
0.6248009
0.6308926
1.893642
5.930329
3.319851
2.349146
3.634232
3.152432
3.060245
4.256139
3.154869
4.058668
2.806883
3.107354
3.186292
2.035375
1.698202
1.468292
1.289655
1.143049
1.785871
3.518947
2.317774
2.270614
1.693836
1.452048
1.215489
1.059085
0.9457805
0.9188757
0.9121749
0.9344094
0.9139516
0.8954228
0.9208047
0.9271502
0.9084183
0.8671474
1.521696
2.108729
1.6316
2.577735
2.21518
1.94004
3.398332
5.537976
3.47925
4.700678
4.359139
2.783938
2.158325
1.758255
1.560073
1.418848
1.254069
1.248891
1.152338
1.121119
1.255643
1.894455
2.000805
4.168318
11.17753
9.459125
7.900727
4.417467
3.1868
2.857749
2.66911
2.323409
2.185331
2.250157
1.996591
1.836127
1.68744
1.604898
1.456617
1.350419
1.246048
1.855316
2.266706
2.112891
2.356608
2.317723
2.371228
2.848865
3.357366
4.243042
4.395181
4.371424
4.482546
3.992726
3.389702
3.3264
3.259798
4.338021
3.525293
2.803837
2.536617
2.435647
2.09223
1.958468
1.76257
1.682262
1.682922
1.623883
1.490628
1.464993
1.427681
1.253358
1.178786
1.030404
0.9821781
0.912784
0.8574515
0.8718684
0.8090736
0.838415
0.7792244
0.7856207
0.7276484
0.6986115
0.6883065
0.6710468
0.6353598
0.6399286
1.138378
2.405443
1.952021
1.203559
2.578497
2.141928
1.393923
1.053704
0.9661875
0.8746604
1.013398
1.838665
3.64474
6.753972
2.926889
1.78917
1.360927
1.454231
1.2694
1.001722
0.851309
0.7716099
0.7115055
0.9891835
3.396556
6.811488
2.798964
2.116698
3.941505
3.413409
2.355542
1.922578
1.607182
1.322042
4.563565
2.932473
2.604945
1.648656
2.588853
2.299347
1.745564
1.524843
4.06014
2.06563
1.548448
1.411335
1.168227
1.749219
1.626472
1.819527
1.30864
1.0069
2.25041
1.985373
1.820086
1.498141
1.071624
0.8927323
1.117058
2.963388
5.632397
5.123743
4.278932
2.543216
1.915217
1.803638
6.159782
6.055665
4.403913
2.814142
2.024664
1.483674
1.148582
1.076751
0.9355262
0.9498924
0.9855286
1.460322
2.014156
1.772165
3.173956
2.532657
1.718913
1.315138
1.00558
0.8657767
3.873278
2.934605
1.63165
1.266405
3.839064
3.498134
1.859224
1.40098
1.283411
11.26571
28.17605
9.141343
5.556302
4.226899
3.252589
2.684999
2.203911
1.870392
2.554892
2.293712
1.630533
1.80775
1.998114
1.75658
1.538093
1.396157
1.187569
1.035379
0.9732437
0.9123271
3.938002
9.976103
6.38228
3.495799
2.426053
1.972225
7.72879
6.04536
3.830992
2.819168
2.181321
1.789983
1.575353
1.469612
1.41032
1.203559
1.103961
0.991874
0.9059817
0.8433899
3.024355
5.153542
2.377574
1.707238
1.383212
1.116296
1.031521
1.019083
2.367116
5.178314
3.270611
2.403463
1.77455
1.451591
1.360825
1.115433
1.058527
1.173101
0.9534458
0.873036
0.8046571
0.7721175
0.7275976
0.6977993
0.6781537
0.6429744
0.6060183
0.5937335
0.580941
0.5554576
0.570636
1.128073
0.7571929
0.6788644
0.6733311
0.6755647
0.6254609
0.6198769
0.597287
0.6089119
0.5715497
0.536015
0.5464724
0.729019
0.9277086
0.6166787
0.5874895
0.5339337
0.5406345
0.5279436
0.589317
0.6990176
0.9335464
1.230718
2.651495
6.19821
3.096186
2.119592
2.042126
1.600481
1.485704
1.338388
1.241226
1.17772
1.392705
3.405439
3.67733
3.941505
3.474427
2.446409
1.814705
1.480323
1.262496
1.125789
1.038424
0.9481156
3.899117
4.524984
2.975927
2.894654
6.466852
8.478317
6.446394
6.658689
6.823569
5.497974
4.183851
3.28985
2.599107
2.122079
1.812268
1.575709
1.418239
1.305341
1.159344
1.168837
1.065532
1.002027
0.9356277
0.8689749
0.8854223
0.8237443
0.7628785
0.8262317
0.8317142
0.7669396
0.7161758
0.649726
0.6605894
0.7592235
2.435597
6.459542
6.39629
3.039838
2.198124
1.855823
1.696933
2.040654
1.683785
1.491948
1.323717
1.285695
1.590125
2.410824
2.670075
1.861966
2.386914
3.813682
2.142842
1.771657
1.570125
1.278639
1.208229
1.09995
1.01685
1.013043
0.9565424
1.373415
1.421691
1.114367
1.133708
1.263867
2.801147
2.041771
1.566926
1.25544
1.110763
1.033551
0.9455267
0.8684165
0.8370952
0.7912047
0.7286637
0.6883572
0.6941443
0.6741434
0.6817072
0.8495323
1.074822
0.9741575
1.087615
1.162339
1.693633
2.476665
1.533372
4.447671
5.50437
3.781142
2.937092
2.299956
1.869834
1.593831
1.424432
1.251582
1.488446
2.391229
5.006987
9.522478
4.582652
4.79124
3.338939
4.14451
6.077798
3.485951
2.507732
2.824803
4.0342
3.062073
2.462298
2.284067
2.148629
2.190611
2.117714
2.604234
4.067653
4.244159
3.127254
3.048214
3.7252
3.529404
2.979023
3.854445
4.355992
3.154514
2.488797
3.412749
4.175323
5.396294
3.616769
2.951712
3.001562
3.534887
3.122533
2.709417
2.774851
2.829422
2.88445
19.23314
17.60748
8.876712
6.421317
5.350048
4.174714
3.733526
4.902769
4.180653
3.346198
2.653983
2.414631
2.373766
2.420012
2.276198
2.110607
1.998571
1.954863
1.96395
1.949229
1.90542
1.7546
1.61368
1.619264
1.885419
1.630381
1.978164
2.715051
1.862626
1.539717
1.269044
1.126804
1.079797
1.209397
1.179396
1.196249
1.291127
1.344378
1.361435
1.520376
1.668454
1.200869
1.533473
1.632361
3.687483
2.382041
2.64251
1.8875
1.569059
1.368745
3.10639
3.300054
5.783876
4.172988
2.435546
1.85095
1.806836
1.860494
1.745666
1.377882
1.208382
1.050557
1.015225
1.001367
0.9485725
0.9683196
1.086345
0.8520705
0.75633
0.8167389
0.8347093
0.7204907
0.7276484
2.287316
1.284324
0.8120686
1.470323
1.542458
1.055024
0.7805443
0.6761739
1.572358
4.973889
12.29307
7.153331
3.258529
5.233139
7.157798
3.396962
3.568086
6.227907
3.103547
2.076443
1.617792
1.334377
1.111626
0.9762895
1.064263
0.9085706
1.069289
1.517635
1.13447
1.729472
1.283309
0.9734468
0.901616
1.132845
0.9374552
1.225032
0.9407041
0.7082566
0.6367812
1.053349
1.851102
1.407071
3.677838
18.78428
5.214661
2.960596
1.961412
4.489043
2.448948
1.741706
2.816224
3.970491
2.551643
1.73597
1.351739
1.133353
0.9825843
0.8744573
0.7707976
0.8685687
0.838212
0.7093734
1.468749
1.334479
0.8539995
3.757588
4.395333
2.058625
1.388847
1.087716
1.001976
2.132689
12.14138
6.430404
4.256494
2.655962
2.120404
1.538397
1.306356
1.087868
0.9919756
0.9409579
0.8338971
0.7759756
0.7373951
0.6704376
0.6124146
0.602008
0.5846975
0.5801796
0.5702298
0.5744432
1.479511
1.403061
1.057918
1.226403
1.419762
1.006951
0.7944536
0.7109979
0.6496752
0.5822101
0.587388
0.5420559
0.8494816
7.957937
3.379194
1.919481
1.399355
1.165892
0.9354247
1.153963
1.061167
0.8627817
0.765569
0.7228766
1.085838
3.596057
5.051506
3.899168
3.799823
3.84084
2.821605
2.119947
1.667083
1.370877
1.178736
1.113149
0.9672028
0.887859
0.8527812
0.8308005
1.025429
1.107362
0.9141039
0.7911032
0.9514153
1.589719
1.139952
0.9361861
2.00715
6.482081
2.586619
2.021364
1.837853
1.600583
1.500172
1.297726
1.277014
1.120357
1.143404
1.560987
1.605812
1.366562
1.687135
2.229902
2.876937
2.277011
1.799729
1.633579
1.53591
1.431032
1.387882
1.300112
1.392705
1.540326
1.574643
1.458596
1.360419
2.771298
10.12068
8.560199
4.699155
3.410516
2.59068
2.119998
1.748255
1.455957
1.275491
1.158125
1.08132
1.076548
0.983498
0.9016667
0.8381612
0.7044494
0.7185617
0.7130284
0.6413499
0.6374919
0.5847991
0.5482999
0.5225626
0.5344921
0.5471831
0.5987591
0.5629706
0.4993128
0.5190599
0.9050172
2.86912
2.069387
1.30666
1.534031
4.143951
2.113754
1.535453
1.204473
1.039592
0.9392827
0.8652183
0.7940982
0.7501875
0.7054646
0.7385626
0.8020174
0.8524259
0.7628277
0.7792244
0.8446082
0.8198355
1.397071
3.03796
1.844351
1.338439
1.137008
1.024058
0.9364907
0.9870515
1.070964
0.8415624
0.8375521
0.8872498
0.9080122
1.260364
1.820949
1.657692
1.518092
1.556012
2.109439
2.23645
2.769775
4.853781
4.188979
3.420161
3.744237
3.770279
2.998517
4.520365
3.860537
4.157962
3.562655
2.800385
3.470417
4.484119
5.277456
4.170044
3.650578
3.331172
2.520169
2.027405
1.671703
1.535453
2.722361
2.660074
2.754546
6.18293
6.835499
5.772251
4.255581
3.284774
2.876531
3.858811
4.745604
5.614832
5.2704
5.213697
4.969015
4.468687
3.875512
4.051155
3.92257
3.685655
3.438537
3.185429
2.943336
3.060956
3.022579
2.04106
1.780997
1.797343
2.144923
2.056543
2.016846
1.687186
1.443317
1.410066
1.528904
1.539514
1.790338
1.623427
1.190056
1.385243
2.823991
3.330664
3.682305
1.990855
1.703836
1.573729
1.818258
1.77252
1.512102
1.531493
1.624645
1.770083
1.763941
1.455957
1.237114
1.364836
1.221022
1.043196
0.9756804
1.13183
1.154471
0.9763403
0.9947168
1.218433
5.248927
2.712564
1.547535
1.182543
0.9685734
0.863137
0.7900371
0.7264301
0.643482
0.6208921
0.7484616
2.241425
1.510782
1.297015
1.319453
1.540428
1.472049
1.046344
0.8034895
0.8514613
10.1318
5.094402
2.371787
4.996428
9.441916
4.267206
5.581988
10.19916
9.544205
4.617527
3.081211
2.889121
2.97217
2.181118
1.636067
1.364024
1.202798
1.110814
1.840239
1.191477
1.857702
2.81861
2.817442
2.963439
1.945929
1.549362
1.20295
1.080254
0.9883206
1.483978
1.230109
1.186147
23.42181
10.05966
4.649609
2.899324
2.08888
1.827802
2.31219
4.246849
2.631139
1.75724
3.542045
2.501437
1.6449
1.375598
1.156704
1.107108
1.333362
4.29076
2.359553
1.587841
1.266303
1.10523
2.844448
1.546925
2.220917
1.818258
1.243206
1.033043
0.9819751
0.8352169
0.7518627
0.7236381
0.6831286
0.6278975
0.599216
0.7261763
0.7488169
0.5955102
0.5681485
1.194675
0.9634971
0.6560207
0.5630214
0.5617523
0.5510411
0.5179939
1.438697
3.263808
2.221729
4.847791
2.215028
1.418899
1.053197
0.8652691
0.7301866
0.6409438
0.6026172
0.5616508
0.6450049
0.8470449
0.5915506
0.8240996
1.045887
0.6779506
0.6600818
0.7128761
0.8499892
0.5857636
0.5230195
0.5001758
0.4882971
0.4683976
0.4600216
0.4553006
0.4351474
0.3846374
0.4037753
0.3968714
0.3837236
0.3680376
0.3859572
0.3751953
0.371388
0.5771845
0.5795704
1.410168
2.373411
3.17822
1.785262
1.376511
1.012687
1.08533
2.562608
1.747392
1.401335
1.358998
2.090657
1.771454
1.71003
1.388593
1.261684
1.193305
0.9847163
0.8386181
0.7633861
0.6966317
0.6411976
0.7578021
2.807188
2.677994
3.564178
1.906333
1.442352
1.11858
1.416666
1.776429
1.441895
1.242444
1.34382
1.382603
1.387679
2.129389
3.045067
5.056938
4.280455
2.406204
1.830746
1.404888
1.251632
2.38529
3.440923
2.064412
1.713837
1.628503
1.397934
1.58378
2.875973
3.086541
2.331176
2.903944
2.851048
2.131623
4.125727
11.77086
6.384513
3.712713
4.419396
4.275937
3.096389
2.408032
2.025121
1.783079
1.508447
1.350977
1.202544
1.03548
1.106042
1.104011
1.708354
2.334627
3.994096
4.091563
2.354882
1.826076
1.734802
8.837268
8.66193
5.89317
4.288323
2.947347
2.271274
2.069437
1.723482
1.534793
1.384024
1.252546
1.114925
1.040455
1.024058
0.9967981
0.9556287
0.9185711
0.8526289
1.133048
2.053954
1.66485
1.350165
1.177314
1.20696
1.12655
1.016951
0.9300437
0.9077584
0.8509029
0.8221199
0.8522736
0.873036
0.7968395
0.7555685
0.7496291
0.8855746
1.39103
1.285035
3.253909
2.759064
2.194722
1.752367
1.496314
1.32128
1.19229
1.038424
1.001773
0.9739036
0.8581114
0.9310082
0.8830364
1.028932
1.848513
1.627386
1.451642
1.671855
2.968871
3.558391
4.293755
4.367667
2.932118
3.800889
3.13563
2.506412
2.081164
1.679927
1.465551
1.275948
1.181172
1.008981
0.9969504
1.008372
0.951466
0.8602942
0.8265363
0.8015605
0.9948183
1.292599
1.120966
1.352399
1.90745
4.182887
7.035001
4.432899
3.353203
2.95618
3.042173
4.522598
5.028003
5.521072
3.749618
3.251422
2.34676
1.957706
1.868717
1.556418
1.525097
1.662667
1.476059
1.484892
1.482354
1.517076
1.403264
1.213915
1.095026
0.9648677
1.056598
0.9072508
0.8443544
0.931922
1.02416
1.065786
1.043095
1.135637
1.147008
1.081827
1.110408
1.132845
1.209397
0.9980672
0.8887727
0.967812
1.328946
1.950549
5.940482
3.988462
3.175631
2.711244
2.994202
2.627179
1.825263
2.137258
3.683219
3.020396
2.886125
3.167865
2.934199
3.916072
3.291018
2.563166
2.489609
2.212033
2.142842
1.870088
1.539159
1.362551
1.326306
1.189142
1.918263
1.816126
1.645306
2.66845
11.70009
4.81317
3.26391
11.60973
7.325624
3.750938
2.590985
3.898102
2.832874
2.085885
1.687998
1.49469
1.283258
1.273004
2.341988
1.864352
1.364886
1.250313
14.61236
16.53677
12.518
9.182056
6.104145
3.94846
2.858408
2.200408
1.901968
1.538397
1.370674
1.224829
1.097057
1.03213
0.9644616
0.9009053
0.8774016
1.438596
1.369557
1.076548
0.8401918
0.7095257
0.6951088
0.6482538
0.7531318
1.515553
1.203153
0.9406533
0.7494261
0.6927737
6.722549
2.183707
1.301533
0.9738529
0.8477556
5.031607
10.43161
5.775906
3.010954
8.47649
5.556708
8.310391
11.84259
5.693618
3.301221
5.801643
8.267089
6.182321
6.739961
18.91038
7.440654
4.428635
3.92851
2.542048
1.983088
2.097764
2.91897
2.162437
5.013129
4.834237
3.983893
2.949276
2.289194
2.101977
1.770642
1.494334
1.284121
1.605507
1.685308
1.145993
1.165385
11.93818
8.690662
8.017585
9.923867
5.385228
3.2832
2.370314
1.889124
1.587486
1.369506
1.258181
1.177923
2.274016
1.599212
1.236708
1.019896
1.973646
1.979027
1.390928
1.123911
1.339048
1.262851
1.053755
0.9040526
0.8246073
0.7707469
0.7142468
0.6965302
6.995608
18.71007
5.813116
3.256244
2.305438
1.850442
1.81044
1.814806
1.384075
1.284223
1.36509
1.36844
1.145079
1.016799
0.9436484
0.8553194
0.7939967
0.7563807
0.7415069
0.7036879
0.67724
0.6627723
0.7717114
2.560171
1.537737
4.65164
4.608897
2.570019
2.053954
2.60794
5.29568
5.068817
3.360361
2.633576
2.98547
2.919325
2.401636
2.048624
1.761453
1.478699
1.216961
1.288335
1.106093
1.001316
1.175233
1.239601
1.0335
1.338337
4.019935
6.722042
3.011106
2.039741
3.999782
4.333402
2.899629
2.337115
2.145075
1.74531
1.578298
1.685714
1.698303
1.561241
1.497482
1.40565
1.212341
1.23021
1.173405
1.092843
1.121423
1.011367
0.95771
0.8398872
3.733272
12.86492
8.698784
11.73294
6.401468
4.414015
3.640526
3.090044
2.550932
2.152436
1.958417
1.83968
1.756631
1.413772
2.232998
3.474732
2.980648
3.64078
4.836065
4.255428
2.979785
2.235993
2.084616
1.926791
2.019638
2.044614
2.030857
1.951767
1.763941
1.51799
1.404482
1.357729
2.479051
4.103188
3.808352
4.597627
3.730429
2.951255
7.421821
8.062511
5.334362
4.095066
2.885161
2.343714
2.134872
2.001515
1.73932
1.570429
1.392604
1.218991
1.313361
1.266202
1.150968
1.09396
1.041267
0.9625325
0.8792291
0.8697363
0.8459788
0.7861791
0.7918139
0.9087229
0.9544103
0.9498924
0.9819243
0.9671013
0.8679596
0.8257241
0.8309528
0.816282
0.7897325
0.7704423
0.7506952
0.7208968
0.6721128
0.6549039
0.6715544
0.823592
0.8121702
0.7517612
0.6936367
0.8481109
1.727695
1.932578
2.857545
2.248024
1.838259
1.527178
1.24219
1.108428
1.011672
0.9801476
0.954918
0.9270994
1.006545
1.132997
1.225641
1.164979
1.258841
1.281634
1.232596
1.409051
7.21374
3.534938
3.756522
2.327013
1.815923
1.446159
1.319656
1.295645
1.289553
1.222189
1.194472
1.278334
1.15513
1.094823
1.148683
1.352196
1.234982
2.048726
2.897192
1.543727
1.271583
1.251074
1.279045
1.114164
0.9737006
0.9326834
1.207113
1.066954
0.8947121
0.7628785
0.6951088
0.6575436
0.6496244
0.623278
0.62673
0.6267807
0.6217551
0.6119577
0.5937335
0.5833269
0.6088103
0.6611986
0.5674886
0.6082012
0.6487615
0.5714482
0.6304357
0.8877575
0.673788
0.5463201
0.4324569
0.4842867
0.58353
0.4701236
0.4290049
0.4830176
0.6509443
0.5929213
3.201064
2.759013
1.618756
1.11259
0.882478
0.7398825
0.7408978
0.5961194
0.6984592
0.7962303
0.6497767
0.5501274
0.9530397
1.852727
1.08132
0.7686656
0.6538378
3.067149
1.903237
1.224068
0.9614157
0.9359831
1.015378
1.292193
0.9530905
0.8988747
1.30661
0.9550703
0.8811582
0.7872451
0.8789753
0.7607972
0.6696761
2.889374
5.298878
6.355527
2.762973
1.628757
1.210158
2.304778
2.558445
1.894607
1.269603
0.9547149
0.8249626
0.6743464
10.65888
4.5692
2.506412
1.6117
1.18833
0.9903004
0.8061293
0.7219121
1.698608
1.435753
1.921156
6.56772
2.173859
3.646466
12.1855
4.359494
2.500676
1.85628
3.074815
2.053599
3.935667
3.910996
3.284418
4.164155
5.859311
4.062323
2.586771
1.984002
2.101216
2.700888
2.625809
2.012886
1.527381
1.328793
1.208788
2.442196
1.768408
2.114414
4.499805
4.836217
2.743378
2.648196
2.246806
1.647895
1.379811
1.06274
3.732561
3.640323
1.987708
1.492151
1.309452
1.121779
0.9129871
0.8113579
0.7405932
0.8311051
1.30996
0.8967934
0.9708578
1.236809
0.8705993
0.6978501
0.6360197
0.6036324
0.624141
0.5730726
0.6104348
3.36229
3.105628
1.53789
1.100102
0.8961843
0.7835901
0.6833824
1.105077
1.274476
1.03213
1.449662
0.9307036
2.192793
3.777284
4.866472
2.885922
2.134618
1.604339
1.291279
1.114215
0.943953
0.802525
0.7381058
0.7293744
0.6369335
0.6175417
0.5599248
0.5569805
0.542259
0.5137297
0.4909368
0.4742863
1.47611
2.843281
4.632197
9.920619
7.402074
3.686112
2.61789
2.298991
1.734802
1.420371
1.213813
1.078731
1.051268
1.612106
1.310874
1.099341
0.9021236
0.8324757
0.805114
0.7452127
0.7193231
0.6703361
0.5998759
0.5825655
0.5511934
0.5307864
0.5162679
0.5061659
0.4883986
0.470682
0.4563159
0.4481937
0.4561636
0.4311878
0.4260099
0.4166186
0.4003234
0.3947394
0.4031662
0.392658
0.3699666
0.3734693
0.3678345
0.3651441
0.3426049
0.3346858
0.3471737
0.3450924
0.3318938
0.3384931
0.3165631
0.3254468
0.30971
0.3288479
0.315091
0.3121974
0.3202689
0.3708296
0.3586463
0.9038496
1.654037
2.613828
6.79372
2.640987
2.390874
3.844495
2.614793
2.715559
2.225638
2.763328
5.535895
9.729087
3.836525
2.720889
2.237618
2.014257
4.455387
16.74896
8.05581
5.210549
3.531993
2.695761
2.295539
2.010551
1.992733
2.33747
